1001 53 1 82 169 120 80 237.6 239.0 177.6 42.5 885.8 7.4
1002 43 2 72.6 157 110 70 133.2 204.6 139.0 30.1 185.8 7.5
1004 53 1 83.7 169 110 70 160.2 173.4 115.8 44.0 73.5 8.2
1006 48 1 81.1 158 130 70 102.6 173.4 100.4 61.8 73.5 5.2
1008 55 1 83.5 174 120 85 192.6 170.7 112.0 40.9 86.7 10.9
1010 55 1 83.4 174 130 90 172.8 154.1 100.4 37.1 108.8 9.6
1012 43 1 69.6 169 110 80 129.6 182.2 112.0 34.0 195.6 8.9
1014 35 2 91 154 130 90 203.4 215.4 115.8 66.4 169.9 9.8
1016 36 2 85 154 110 70 180 184.9 100.4 55.2 148.7 9.6
1018 43 2 60.3 157 130 80 199.8 268.3 200.8 49.4 100.9 10.7
1020 56 1 64.7 170 130 80 252 108.5 61.8 31.7 77.9 10.2
1022 38 1 77.7 178 130 70 118.8 165.3 96.5 32.0 188.5 8.9
1024 39 1 77.9 178 150 80 108 127.4 73.4 26.6 138.1 9.2
1026 78 2 60 166 150 80 154.8 145.9 104.2 35.5 129.2 7
1028 61 2 61.4 148 130 70 154.8 193.4 104.2 54.4 173.5 6
1030 62 2 62 148 110 80 144 205.8 115.8 55.2 423.9 7.1
1032 55 1 84 156 110 70 57.6 209.3 146.7 34.4 133.6 6.3
1034 56 1 84 156 130 80 270 262.5 196.9 45.9 102.7 10.4
1036 67 1 85 160 120 70 115.2 187.6 112.0 73.0 114.2 7.9
1038 56 2 60 146 120 80 135 214.3 112.0 74.9 143.4 8.2
1040 61 1 66 169 130 80 138.6 154.1 96.5 39.4 89.4 7.5
1042 58 2 45.5 153 110 70 234 264.9 181.5 52.1 149.6 9.6
1044 59 2 46.4 153 130 80 340.2 189.2 92.7 50.2 230.1 9
1046 60 1 70 161 130 80 126 198.1 131.3 45.2 112.4 5.7
1048 63 1 61.2 154 110 70 126 227.8 154.4 46.7 139.8 6
1050 37 1 64 176 110 70 198 212.4 131.3 37.1 223.0 10.2
1052 44 2 66 145 110 70 174.6 159.1 88.8 44.8 123.9 8.2
1054 45 2 66 145 110 80 108 173.7 115.8 37.1 105.3 6.9
1056 36 1 95 160 140 80 136.8 223.2 150.6 38.6 81.4 8.2